longitude,latitude,Hcho_value(mol/m^2)
68.18624877929699,20.120798110961918,1.4943062524253037e-05
68.18624877929699,20.26407909393311,3.8021349610062316e-05
68.18624877929699,20.407360076904304,0.00013574815238825977
68.18624877929699,20.5506410598755,0.00010558017675066367
68.18624877929699,20.69392204284669,4.0524391806684434e-05
68.18624877929699,20.837203025817885,1.3109363862895407e-05
68.18624877929699,20.98048400878908,-7.705912867095321e-05
68.18624877929699,21.123764991760275,1.0709880370995961e-05
68.18624877929699,21.26704597473147,0.00017360957281198353
68.18624877929699,21.410326957702665,0.00019268557662144303
68.18624877929699,21.55360794067386,0.00016768753994256258
68.18624877929699,21.69688892364505,1.7168154954561032e-05
68.18624877929699,21.840169906616246,0.00016938098997343332
68.18624877929699,21.98345088958744,6.970724643906578e-05
68.18624877929699,22.12673187255864,0.00014061355614103377
68.18624877929699,22.27001285552983,0.00017960381228476763
68.18624877929699,22.413293838501023,0.00023764763318467885
68.18624877929699,22.55657482147222,5.385323675000109e-05
68.18624877929699,22.699855804443416,0.00020473300537560135
68.18624877929699,22.84313678741461,1.0183626727666706e-05
68.18624877929699,22.98641777038581,6.02658255957067e-05
68.18624877929699,23.129698753357,6.7573369051388e-06
68.18624877929699,23.272979736328196,3.120563633274287e-05
68.18624877929699,23.416260719299387,-0.0001539973891340196
68.18624877929699,23.559541702270582,0.00013236342056188732
68.18624877929699,23.702822685241777,9.892817615764216e-05
68.18624877929699,23.84610366821297,7.671494677197188e-05
68.18624877929699,23.989384651184167,8.19318593130447e-05
68.18624877929699,24.13266563415536,5.486661848408403e-06
68.18624877929699,24.27594661712656,0.0001281045115320012
68.18624877929699,24.41922760009775,0.00024193005810957402
68.18624877929699,24.562508583068944,0.00014590698992833495
68.18624877929699,24.70578956604014,8.102158608380705e-05
68.32624877929699,20.120798110961918,0.0001408806856488809
68.32624877929699,20.26407909393311,3.4300497645745054e-05
68.32624877929699,20.407360076904304,5.690106263500638e-05
68.32624877929699,20.5506410598755,7.041940989438444e-05
68.32624877929699,20.69392204284669,0.00020971204503439367
68.32624877929699,20.837203025817885,7.719321001786739e-05
68.32624877929699,20.98048400878908,9.8825701570604e-05
68.32624877929699,21.123764991760275,9.15594046091428e-06
68.32624877929699,21.26704597473147,-4.912336589768529e-05
68.32624877929699,21.410326957702665,2.845910785254091e-05
68.32624877929699,21.55360794067386,1.5576189980492927e-05
68.32624877929699,21.69688892364505,0.0003203579399269074
68.32624877929699,21.840169906616246,-4.55085355497431e-05
68.32624877929699,21.98345088958744,0.00011548172915354371
68.32624877929699,22.12673187255864,-1.3034133189648855e-05
68.32624877929699,22.27001285552983,0.00021849203039892018
68.32624877929699,22.413293838501023,9.883449820335954e-05
68.32624877929699,22.55657482147222,-0.00011879176599904895
68.32624877929699,22.699855804443416,9.545222383167129e-06
68.32624877929699,22.84313678741461,0.00022197426005732268
68.32624877929699,22.98641777038581,0.0001780119928298518
68.32624877929699,23.129698753357,2.9319157874851953e-06
68.32624877929699,23.272979736328196,3.0474946470349096e-05
68.32624877929699,23.416260719299387,-6.986424239130429e-08
68.32624877929699,23.559541702270582,0.00012421151041053236
68.32624877929699,23.702822685241777,0.0001438953768229112
68.32624877929699,23.84610366821297,0.00023324450012296438
68.32624877929699,23.989384651184167,-2.2042060663807206e-05
68.32624877929699,24.13266563415536,7.88769539212808e-05
68.32624877929699,24.27594661712656,0.00014927296433597803
68.32624877929699,24.41922760009775,2.127623520209454e-05
68.32624877929699,24.562508583068944,0.00038011986180208623
68.32624877929699,24.70578956604014,-6.212287553353235e-05
68.46624877929699,20.120798110961918,3.8021349610062316e-05
68.46624877929699,20.26407909393311,4.8671994591131806e-05
68.46624877929699,20.407360076904304,-9.474323451286182e-05
68.46624877929699,20.5506410598755,6.424487946787849e-05
68.46624877929699,20.69392204284669,1.3109363862895407e-05
68.46624877929699,20.837203025817885,5.4391321100411005e-06
68.46624877929699,20.98048400878908,7.751317752990872e-06
68.46624877929699,21.123764991760275,0.00012274974142201245
68.46624877929699,21.26704597473147,-0.0001239791017724201
68.46624877929699,21.410326957702665,0.00012191429414087906
68.46624877929699,21.55360794067386,0.00019931905262637883
68.46624877929699,21.69688892364505,0.00013496004976332188
68.46624877929699,21.840169906616246,0.00013020493497606367
68.46624877929699,21.98345088958744,0.00012877542758360505
68.46624877929699,22.12673187255864,4.7882112994557247e-05
68.46624877929699,22.27001285552983,0.0001385707437293604
68.46624877929699,22.413293838501023,0.00015888117195572704
68.46624877929699,22.55657482147222,0.0001267835614271462
68.46624877929699,22.699855804443416,0.00028184312395751476
68.46624877929699,22.84313678741461,1.7064490748452954e-05
68.46624877929699,22.98641777038581,0.00017335786833427846
68.46624877929699,23.129698753357,5.296536983223632e-05
68.46624877929699,23.272979736328196,-1.1694110980897676e-05
68.46624877929699,23.416260719299387,1.29559248307487e-05
68.46624877929699,23.559541702270582,-4.539199289865792e-05
68.46624877929699,23.702822685241777,-2.9088856535963714e-05
68.46624877929699,23.84610366821297,-1.3461999515129719e-06
68.46624877929699,23.989384651184167,0.00022918371541891247
68.46624877929699,24.13266563415536,0.0001324413897236809
68.46624877929699,24.27594661712656,0.00019010243704542518
68.46624877929699,24.41922760009775,0.00021513663523364812
68.46624877929699,24.562508583068944,-5.526111999643035e-05
68.46624877929699,24.70578956604014,2.1981701138429344e-05
68.60624877929699,20.120798110961918,-3.2730466045904905e-05
68.60624877929699,20.26407909393311,-1.986274219234474e-05
68.60624877929699,20.407360076904304,0.00016110771684907377
68.60624877929699,20.5506410598755,6.8450990511337295e-06
68.60624877929699,20.69392204284669,0.00039229958201758564
68.60624877929699,20.837203025817885,0.00029491918394342065
68.60624877929699,20.98048400878908,5.231354953139089e-05
68.60624877929699,21.123764991760275,0.00013611580652650446
68.60624877929699,21.26704597473147,-0.00010388849477749318
68.60624877929699,21.410326957702665,0.00017793290317058563
68.60624877929699,21.55360794067386,2.6336034352425486e-05
68.60624877929699,21.69688892364505,0.0001831013069022447
68.60624877929699,21.840169906616246,0.00015005255409050733
68.60624877929699,21.98345088958744,0.00027061370201408863
68.60624877929699,22.12673187255864,-0.00010703684529289603
68.60624877929699,22.27001285552983,0.0001859918556874618
68.60624877929699,22.413293838501023,0.00010806168575072661
68.60624877929699,22.55657482147222,1.8296348571311682e-05
68.60624877929699,22.699855804443416,-1.2364434951450676e-05
68.60624877929699,22.84313678741461,0.00014106338494457304
68.60624877929699,22.98641777038581,0.00019422928744461387
68.60624877929699,23.129698753357,0.0003615163150243461
68.60624877929699,23.272979736328196,0.00020276469876989722
68.60624877929699,23.416260719299387,0.00015400613483507186
68.60624877929699,23.559541702270582,9.545475040795282e-05
68.60624877929699,23.702822685241777,0.000365765648894012
68.60624877929699,23.84610366821297,-4.261810317984782e-06
68.60624877929699,23.989384651184167,0.00019309580966364592
68.60624877929699,24.13266563415536,0.00019176075875293463
68.60624877929699,24.27594661712656,1.2133769814681727e-05
68.60624877929699,24.41922760009775,0.00017459310765843838
68.60624877929699,24.562508583068944,1.7002346794470213e-05
68.60624877929699,24.70578956604014,6.90089727868326e-05
68.74624877929699,20.120798110961918,0.00025645268033258617
68.74624877929699,20.26407909393311,-0.00013450520054902881
68.74624877929699,20.407360076904304,0.0002164957404602319
68.74624877929699,20.5506410598755,0.00013435352593660355
68.74624877929699,20.69392204284669,-0.00028061805642209947
68.74624877929699,20.837203025817885,9.915159353113268e-06
68.74624877929699,20.98048400878908,8.295458246720955e-05
68.74624877929699,21.123764991760275,0.00023112147755455226
68.74624877929699,21.26704597473147,1.1229319170524832e-05
68.74624877929699,21.410326957702665,-5.5143806093838066e-05
68.74624877929699,21.55360794067386,2.7822326956083998e-05
68.74624877929699,21.69688892364505,-9.975279681384563e-05
68.74624877929699,21.840169906616246,0.00042465850128792226
68.74624877929699,21.98345088958744,-9.202711225952953e-05
68.74624877929699,22.12673187255864,0.00017523013229947537
68.74624877929699,22.27001285552983,0.0002791522128973156
68.74624877929699,22.413293838501023,0.0001937999331858009
68.74624877929699,22.55657482147222,-1.607783997314982e-05
68.74624877929699,22.699855804443416,0.0003639105998445302
68.74624877929699,22.84313678741461,-2.203858457505703e-05
68.74624877929699,22.98641777038581,-9.018322452902794e-05
68.74624877929699,23.129698753357,6.550711259478703e-05
68.74624877929699,23.272979736328196,5.4802472732262686e-05
68.74624877929699,23.416260719299387,0.0001014655499602668
68.74624877929699,23.559541702270582,0.00022568038548342884
68.74624877929699,23.702822685241777,0.000191049839486368
68.74624877929699,23.84610366821297,7.656349043827504e-05
68.74624877929699,23.989384651184167,-6.151088746264577e-05
68.74624877929699,24.13266563415536,0.00018796176300384104
68.74624877929699,24.27594661712656,3.221882434445433e-05
68.74624877929699,24.41922760009775,6.001975998515263e-05
68.74624877929699,24.562508583068944,0.00010262989962939173
68.74624877929699,24.70578956604014,0.00012789176253136247
68.88624877929699,20.120798110961918,5.907296508667059e-05
68.88624877929699,20.26407909393311,2.276892337249592e-05
68.88624877929699,20.407360076904304,7.82756760600023e-05
68.88624877929699,20.5506410598755,3.71689056919422e-05
68.88624877929699,20.69392204284669,-0.0001241889549419284
68.88624877929699,20.837203025817885,0.00022324337624013424
68.88624877929699,20.98048400878908,8.580978465033695e-05
68.88624877929699,21.123764991760275,0.0002981390571221709
68.88624877929699,21.26704597473147,0.00019016212900169194
68.88624877929699,21.410326957702665,2.4907065380830318e-05
68.88624877929699,21.55360794067386,0.00015335770149249583
68.88624877929699,21.69688892364505,2.491199120413512e-05
68.88624877929699,21.840169906616246,0.00010209291212959215
68.88624877929699,21.98345088958744,0.00017467205179855227
68.88624877929699,22.12673187255864,0.0001367660879623145
68.88624877929699,22.27001285552983,6.128545646788552e-05
68.88624877929699,22.413293838501023,0.0001741171581670642
68.88624877929699,22.55657482147222,0.00022640844690613449
68.88624877929699,22.699855804443416,-4.6496505092363805e-05
68.88624877929699,22.84313678741461,0.00017080233374144882
68.88624877929699,22.98641777038581,5.560904901358299e-05
68.88624877929699,23.129698753357,0.0003357034584041685
68.88624877929699,23.272979736328196,0.00010345739428885281
68.88624877929699,23.416260719299387,-5.241206508799223e-06
68.88624877929699,23.559541702270582,-3.659770072772517e-06
68.88624877929699,23.702822685241777,0.0002602132153697312
68.88624877929699,23.84610366821297,0.0002048191090580076
68.88624877929699,23.989384651184167,0.0001397717569489032
68.88624877929699,24.13266563415536,0.0001081087757484056
68.88624877929699,24.27594661712656,0.0003316141082905233
68.88624877929699,24.41922760009775,1.2778991731465794e-05
68.88624877929699,24.562508583068944,0.00017134587687905878
68.88624877929699,24.70578956604014,0.00023618592240381986
69.02624877929699,20.120798110961918,0.00027963100001215935
69.02624877929699,20.26407909393311,5.5171338317450136e-05
69.02624877929699,20.407360076904304,1.637489731365349e-05
69.02624877929699,20.5506410598755,-9.737764776218683e-05
69.02624877929699,20.69392204284669,-3.675839479910792e-06
69.02624877929699,20.837203025817885,0.0003029758227057755
69.02624877929699,20.98048400878908,0.00012287709978409111
69.02624877929699,21.123764991760275,3.794720396399498e-05
69.02624877929699,21.26704597473147,-6.781717820558697e-05
69.02624877929699,21.410326957702665,1.197097390104318e-05
69.02624877929699,21.55360794067386,-0.0001080938454833813
69.02624877929699,21.69688892364505,6.601080531254411e-05
69.02624877929699,21.840169906616246,6.1065543377480935e-06
69.02624877929699,21.98345088958744,0.00020159085397608578
69.02624877929699,22.12673187255864,5.205868001212366e-05
69.02624877929699,22.27001285552983,0.00019423456978984177
69.02624877929699,22.413293838501023,0.00024339878291357309
69.02624877929699,22.55657482147222,0.0003210226132068783
69.02624877929699,22.699855804443416,-3.737305451068096e-05
69.02624877929699,22.84313678741461,0.00023040363157633692
69.02624877929699,22.98641777038581,7.686333265155554e-05
69.02624877929699,23.129698753357,-2.065738954115659e-05
69.02624877929699,23.272979736328196,-5.792052979813889e-05
69.02624877929699,23.416260719299387,1.5927094864309765e-05
69.02624877929699,23.559541702270582,0.00029729201924055815
69.02624877929699,23.702822685241777,3.842432488454506e-05
69.02624877929699,23.84610366821297,0.00013863785716239363
69.02624877929699,23.989384651184167,0.0001390514662489295
69.02624877929699,24.13266563415536,2.9087224902468733e-05
69.02624877929699,24.27594661712656,0.0002937820099759847
69.02624877929699,24.41922760009775,-3.880911390297115e-05
69.02624877929699,24.562508583068944,0.0001736321282805875
69.02624877929699,24.70578956604014,0.0001634888321859762
69.16624877929699,20.120798110961918,1.8831742636393756e-06
69.16624877929699,20.26407909393311,6.646200927207246e-05
69.16624877929699,20.407360076904304,3.2079738048196305e-06
69.16624877929699,20.5506410598755,4.422485289978795e-05
69.16624877929699,20.69392204284669,-2.904143457271857e-06
69.16624877929699,20.837203025817885,0.0001320838346146047
69.16624877929699,20.98048400878908,4.650888149626553e-05
69.16624877929699,21.123764991760275,4.85552336613182e-05
69.16624877929699,21.26704597473147,2.548030715843197e-05
69.16624877929699,21.410326957702665,-0.0002402575919404626
69.16624877929699,21.55360794067386,0.00010976822522934526
69.16624877929699,21.69688892364505,0.00010594650666462258
69.16624877929699,21.840169906616246,0.000122236626339145
69.16624877929699,21.98345088958744,-4.858023748965934e-05
69.16624877929699,22.12673187255864,7.13652407284826e-05
69.16624877929699,22.27001285552983,0.0001823816419346258
69.16624877929699,22.413293838501023,-1.2364434951450676e-05
69.16624877929699,22.55657482147222,0.0003389797930140048
69.16624877929699,22.699855804443416,0.0001683392038103193
69.16624877929699,22.84313678741461,0.00017215756815858185
69.16624877929699,22.98641777038581,0.00014927249867469072
69.16624877929699,23.129698753357,0.00019678326498251408
69.16624877929699,23.272979736328196,-3.271431342000142e-05
69.16624877929699,23.416260719299387,7.901388016762212e-06
69.16624877929699,23.559541702270582,0.00010757084237411618
69.16624877929699,23.702822685241777,0.00017751682025846094
69.16624877929699,23.84610366821297,-2.7075375328422524e-06
69.16624877929699,23.989384651184167,0.00026618203264661133
69.16624877929699,24.13266563415536,0.00016984620015136898
69.16624877929699,24.27594661712656,0.0001548981381347403
69.16624877929699,24.41922760009775,-5.173769750399515e-05
69.16624877929699,24.562508583068944,0.0002317676116945222
69.16624877929699,24.70578956604014,5.248886373010464e-05
69.306248779297,20.120798110961918,0.00021537340944632888
69.306248779297,20.26407909393311,0.0001090920704882592
69.306248779297,20.407360076904304,1.1789911695814226e-05
69.306248779297,20.5506410598755,9.833230433287099e-05
69.306248779297,20.69392204284669,-0.0001460563507862389
69.306248779297,20.837203025817885,0.00017095681687351316
69.306248779297,20.98048400878908,0.00018261981313116848
69.306248779297,21.123764991760275,-6.269222649279982e-05
69.306248779297,21.26704597473147,0.00010978402133332565
69.306248779297,21.410326957702665,0.00010635035869199783
69.306248779297,21.55360794067386,-3.6844077840214595e-05
69.306248779297,21.69688892364505,0.00013352552196010947
69.306248779297,21.840169906616246,0.0001047863406711258
69.306248779297,21.98345088958744,1.5243079360516276e-05
69.306248779297,22.12673187255864,-7.316798019019188e-06
69.306248779297,22.27001285552983,6.397366087185219e-05
69.306248779297,22.413293838501023,0.0002326183603145182
69.306248779297,22.55657482147222,5.858353688381612e-05
69.306248779297,22.699855804443416,0.00014907706645317376
69.306248779297,22.84313678741461,0.00010406359797343612
69.306248779297,22.98641777038581,2.396528361714445e-05
69.306248779297,23.129698753357,0.00013142728130333126
69.306248779297,23.272979736328196,0.0003273900365456939
69.306248779297,23.416260719299387,5.814905307488516e-05
69.306248779297,23.559541702270582,-1.1206437193322927e-05
69.306248779297,23.702822685241777,-6.922397005837411e-05
69.306248779297,23.84610366821297,5.646104546030983e-05
69.306248779297,23.989384651184167,-7.832833216525614e-05
69.306248779297,24.13266563415536,0.00022018281742930412
69.306248779297,24.27594661712656,0.00022784668544773012
69.306248779297,24.41922760009775,7.958205060276669e-06
69.306248779297,24.562508583068944,0.0003498134028632194
69.306248779297,24.70578956604014,0.00027653490542434156
69.446248779297,20.120798110961918,-8.460622666461859e-06
69.446248779297,20.26407909393311,1.4056727195566054e-05
69.446248779297,20.407360076904304,0.00011983070726273581
69.446248779297,20.5506410598755,-7.849345274735242e-05
69.446248779297,20.69392204284669,0.00011602516315178946
69.446248779297,20.837203025817885,0.00013703365402761847
69.446248779297,20.98048400878908,5.0426973757566884e-05
69.446248779297,21.123764991760275,0.00010893902071984485
69.446248779297,21.26704597473147,0.00035084434784948826
69.446248779297,21.410326957702665,-0.0002127748157363385
69.446248779297,21.55360794067386,8.771865395829082e-05
69.446248779297,21.69688892364505,0.00022718484979122877
69.446248779297,21.840169906616246,-9.497712744632736e-05
69.446248779297,21.98345088958744,-1.9155453628627583e-05
69.446248779297,22.12673187255864,8.756020542932674e-05
69.446248779297,22.27001285552983,1.2361673725536093e-05
69.446248779297,22.413293838501023,-7.450061821145937e-05
69.446248779297,22.55657482147222,0.00013886819942854345
69.446248779297,22.699855804443416,0.00013099734496790916
69.446248779297,22.84313678741461,6.23367159278132e-05
69.446248779297,22.98641777038581,0.00021568576630670577
69.446248779297,23.129698753357,-5.851764854014618e-06
69.446248779297,23.272979736328196,3.5544104321161285e-05
69.446248779297,23.416260719299387,-4.476692629395984e-05
69.446248779297,23.559541702270582,0.0001422294444637373
69.446248779297,23.702822685241777,0.00010659485997166485
69.446248779297,23.84610366821297,7.109266880434006e-05
69.446248779297,23.989384651184167,0.00013655370275955647
69.446248779297,24.13266563415536,3.223707972210832e-05
69.446248779297,24.27594661712656,0.00010823804041137919
69.446248779297,24.41922760009775,9.397741087013856e-05
69.446248779297,24.562508583068944,0.00011071734479628503
69.446248779297,24.70578956604014,-0.00011735169391613454
69.586248779297,20.120798110961918,0.00011975170491496101
69.586248779297,20.26407909393311,9.12795658223331e-05
69.586248779297,20.407360076904304,2.1493438907782547e-05
69.586248779297,20.5506410598755,-5.94036418988253e-06
69.586248779297,20.69392204284669,9.928356303134933e-05
69.586248779297,20.837203025817885,-5.353251253836788e-05
69.586248779297,20.98048400878908,0.00020926690194755793
69.586248779297,21.123764991760275,6.17206678725779e-05
69.586248779297,21.26704597473147,7.447289681294933e-05
69.586248779297,21.410326957702665,0.00010952463344438002
69.586248779297,21.55360794067386,0.00010324265895178542
69.586248779297,21.69688892364505,0.00026258392608724535
69.586248779297,21.840169906616246,-0.00011297885066596791
69.586248779297,21.98345088958744,0.00024300826771650463
69.586248779297,22.12673187255864,7.820884093234781e-06
69.586248779297,22.27001285552983,0.00018910033395513892
69.586248779297,22.413293838501023,5.4124771850183606e-05
69.586248779297,22.55657482147222,0.00032623886363580823
69.586248779297,22.699855804443416,0.0001307603670284152
69.586248779297,22.84313678741461,0.00011025751155102625
69.586248779297,22.98641777038581,0.00020750811381731182
69.586248779297,23.129698753357,2.623037062221556e-06
69.586248779297,23.272979736328196,6.363033753586933e-05
69.586248779297,23.416260719299387,0.00028216367354616523
69.586248779297,23.559541702270582,9.846068132901564e-05
69.586248779297,23.702822685241777,0.00019143732788506895
69.586248779297,23.84610366821297,0.00011193500540684909
69.586248779297,23.989384651184167,-1.7229909644811414e-05
69.586248779297,24.13266563415536,0.00024331038002856076
69.586248779297,24.27594661712656,-8.933863864513114e-05
69.586248779297,24.41922760009775,8.774064190220088e-05
69.586248779297,24.562508583068944,-7.8933073382359e-05
69.586248779297,24.70578956604014,0.0003379934641998261
69.726248779297,20.120798110961918,0.00013795301492791623
69.726248779297,20.26407909393311,3.52762290276587e-05
69.726248779297,20.407360076904304,0.00048335487372241914
69.726248779297,20.5506410598755,0.0001749845832819119
69.726248779297,20.69392204284669,0.00025183826801367104
69.726248779297,20.837203025817885,0.0002846920979209244
69.726248779297,20.98048400878908,-8.608501229900867e-05
69.726248779297,21.123764991760275,8.972658542916179e-05
69.726248779297,21.26704597473147,5.4962350986897945e-05
69.726248779297,21.410326957702665,-3.1783758458914235e-05
69.726248779297,21.55360794067386,0.00021543182083405554
69.726248779297,21.69688892364505,9.443151066079736e-05
69.726248779297,21.840169906616246,9.567723463987932e-05
69.726248779297,21.98345088958744,6.305197075562319e-06
69.726248779297,22.12673187255864,4.283101952751167e-05
69.726248779297,22.27001285552983,0.00034725284785963595
69.726248779297,22.413293838501023,-7.226978050312027e-05
69.726248779297,22.55657482147222,0.00013341373414732516
69.726248779297,22.699855804443416,0.00033142941538244486
69.726248779297,22.84313678741461,9.915974078467116e-05
69.726248779297,22.98641777038581,0.00025881314650177956
69.726248779297,23.129698753357,0.00015824506408534944
69.726248779297,23.272979736328196,0.0002681147016119212
69.726248779297,23.416260719299387,0.0003119670145679265
69.726248779297,23.559541702270582,2.9735543648712337e-05
69.726248779297,23.702822685241777,4.37431808677502e-05
69.726248779297,23.84610366821297,-2.3832779334043153e-05
69.726248779297,23.989384651184167,0.00011318764882162213
69.726248779297,24.13266563415536,4.9343005230184644e-05
69.726248779297,24.27594661712656,0.00012443029845599085
69.726248779297,24.41922760009775,0.00033958363928832114
69.726248779297,24.562508583068944,0.0002162687451345846
69.726248779297,24.70578956604014,0.0001856315357144922
69.866248779297,20.120798110961918,-3.0839564715279266e-05
69.866248779297,20.26407909393311,3.537925658747554e-05
69.866248779297,20.407360076904304,0.00018910806102212518
69.866248779297,20.5506410598755,0.00013481870701070875
69.866248779297,20.69392204284669,0.0001793164265109226
69.866248779297,20.837203025817885,0.00012716084893327206
69.866248779297,20.98048400878908,0.0001399372413288802
69.866248779297,21.123764991760275,0.00015384714060928673
69.866248779297,21.26704597473147,7.183120033005252e-05
69.866248779297,21.410326957702665,0.0001961798407137394
69.866248779297,21.55360794067386,0.0001753839460434392
69.866248779297,21.69688892364505,0.00036847355659119785
69.866248779297,21.840169906616246,0.00011088672908954322
69.866248779297,21.98345088958744,0.00022537453332915902
69.866248779297,22.12673187255864,6.431210204027593e-05
69.866248779297,22.27001285552983,-9.79745982476743e-06
69.866248779297,22.413293838501023,-1.3250494703243021e-05
69.866248779297,22.55657482147222,0.00010286468750564381
69.866248779297,22.699855804443416,1.4479529454547446e-05
69.866248779297,22.84313678741461,0.00017707435472402722
69.866248779297,22.98641777038581,-0.00015171783161349595
69.866248779297,23.129698753357,0.00027746878913603723
69.866248779297,23.272979736328196,3.4905180655186996e-05
69.866248779297,23.416260719299387,-3.6599627492250875e-05
69.866248779297,23.559541702270582,0.00016950684948824346
69.866248779297,23.702822685241777,-3.0433209758484736e-05
69.866248779297,23.84610366821297,-1.7229909644811414e-05
69.866248779297,23.989384651184167,8.425143460044637e-05
69.866248779297,24.13266563415536,0.0002476784575264901
69.866248779297,24.27594661712656,0.0002104831364704296
69.866248779297,24.41922760009775,1.007283844955964e-05
69.866248779297,24.562508583068944,0.00015354935021605343
69.866248779297,24.70578956604014,6.843463779659942e-05
70.006248779297,20.120798110961918,0.00023875234182924032
70.006248779297,20.26407909393311,0.00010109596769325435
70.006248779297,20.407360076904304,0.00021450240456033498
70.006248779297,20.5506410598755,-0.0001711457734927535
70.006248779297,20.69392204284669,-8.77972888702061e-06
70.006248779297,20.837203025817885,7.758665742585436e-05
70.006248779297,20.98048400878908,0.0003166367532685399
70.006248779297,21.123764991760275,-8.431368769379333e-05
70.006248779297,21.26704597473147,0.00010088519047712907
70.006248779297,21.410326957702665,0.00017654547991696745
70.006248779297,21.55360794067386,6.554846913786605e-05
70.006248779297,21.69688892364505,-6.713301445415709e-06
70.006248779297,21.840169906616246,7.28499871911481e-05
70.006248779297,21.98345088958744,4.876115417573601e-05
70.006248779297,22.12673187255864,0.00016514425806235522
70.006248779297,22.27001285552983,1.7798622138798237e-05
70.006248779297,22.413293838501023,-9.531687283015344e-06
70.006248779297,22.55657482147222,7.686878234380856e-05
70.006248779297,22.699855804443416,0.00016574635810684413
70.006248779297,22.84313678741461,7.31069449102506e-05
70.006248779297,22.98641777038581,2.9118733436916955e-05
70.006248779297,23.129698753357,0.0001529943838249892
70.006248779297,23.272979736328196,0.00019854234415106475
70.006248779297,23.416260719299387,0.00013898377073928714
70.006248779297,23.559541702270582,2.5186453058267944e-05
70.006248779297,23.702822685241777,-9.888242857414298e-06
70.006248779297,23.84610366821297,-1.698306732578203e-05
70.006248779297,23.989384651184167,0.0002762933727353811
70.006248779297,24.13266563415536,-7.496819307561964e-05
70.006248779297,24.27594661712656,0.000169910432305187
70.006248779297,24.41922760009775,9.256894554710016e-05
70.006248779297,24.562508583068944,0.000499821559060365
70.006248779297,24.70578956604014,5.372499072109349e-05
70.146248779297,20.120798110961918,8.553532097721472e-05
70.146248779297,20.26407909393311,-8.418463949055877e-06
70.146248779297,20.407360076904304,0.0001018442417262122
70.146248779297,20.5506410598755,0.00019150413572788239
70.146248779297,20.69392204284669,0.00013588627916760743
70.146248779297,20.837203025817885,1.90685095731169e-05
70.146248779297,20.98048400878908,2.2868098312756047e-06
70.146248779297,21.123764991760275,1.6094125385279767e-05
70.146248779297,21.26704597473147,0.00025388679932802916
70.146248779297,21.410326957702665,0.00016425545618403703
70.146248779297,21.55360794067386,6.188944826135412e-05
70.146248779297,21.69688892364505,-0.00016653581405989826
70.146248779297,21.840169906616246,0.00016435446741525084
70.146248779297,21.98345088958744,3.0765924748266116e-05
70.146248779297,22.12673187255864,-0.00014708573871757835
70.146248779297,22.27001285552983,0.0002528925833757967
70.146248779297,22.413293838501023,-0.00013249300536699593
70.146248779297,22.55657482147222,0.00013686914462596178
70.146248779297,22.699855804443416,-1.268652795261005e-05
70.146248779297,22.84313678741461,3.439564534346573e-05
70.146248779297,22.98641777038581,0.00016489025438204408
70.146248779297,23.129698753357,-4.012779754702933e-06
70.146248779297,23.272979736328196,0.00013823989138472825
70.146248779297,23.416260719299387,0.00011800647916970775
70.146248779297,23.559541702270582,-4.13714224123396e-05
70.146248779297,23.702822685241777,1.997213803406339e-05
70.146248779297,23.84610366821297,7.613564957864583e-05
70.146248779297,23.989384651184167,0.00031426665373146534
70.146248779297,24.13266563415536,0.00019962781516369432
70.146248779297,24.27594661712656,3.4585362300276756e-05
70.146248779297,24.41922760009775,0.00010433971328893676
70.146248779297,24.562508583068944,0.00017369994020555168
70.146248779297,24.70578956604014,4.510571307037026e-05
70.286248779297,20.120798110961918,-4.6808203478576615e-05
70.286248779297,20.26407909393311,0.0002742537180893123
70.286248779297,20.407360076904304,0.00017229054355993867
70.286248779297,20.5506410598755,0.00023485800193157047
70.286248779297,20.69392204284669,-9.093841072171926e-05
70.286248779297,20.837203025817885,0.00017913588089868426
70.286248779297,20.98048400878908,0.0005419059889391065
70.286248779297,21.123764991760275,5.3266354370862246e-05
70.286248779297,21.26704597473147,0.00016999519721139222
70.286248779297,21.410326957702665,3.1510785447608214e-07
70.286248779297,21.55360794067386,0.00011741482012439519
70.286248779297,21.69688892364505,0.0003206681867595762
70.286248779297,21.840169906616246,0.0001487771369284019
70.286248779297,21.98345088958744,-7.93678336776793e-05
70.286248779297,22.12673187255864,2.591768861748278e-05
70.286248779297,22.27001285552983,6.792962813051417e-05
70.286248779297,22.413293838501023,5.6343382311752066e-05
70.286248779297,22.55657482147222,0.0001403486676281318
70.286248779297,22.699855804443416,1.9158205759595148e-05
70.286248779297,22.84313678741461,-2.4995719286380336e-05
70.286248779297,22.98641777038581,0.00035187730100005865
70.286248779297,23.129698753357,-3.141188062727451e-05
70.286248779297,23.272979736328196,0.00015130641986615956
70.286248779297,23.416260719299387,6.953188858460635e-05
70.286248779297,23.559541702270582,9.723837865749374e-05
70.286248779297,23.702822685241777,0.00016478280303999782
70.286248779297,23.84610366821297,0.00029995018849149346
70.286248779297,23.989384651184167,0.00013180678070057184
70.286248779297,24.13266563415536,0.00018767002620734274
70.286248779297,24.27594661712656,0.00027024117298424244
70.286248779297,24.41922760009775,0.0003753032651729882
70.286248779297,24.562508583068944,0.00028015722637064755
70.286248779297,24.70578956604014,0.00031076910090632737
70.426248779297,20.120798110961918,0.00021660260972566903
70.426248779297,20.26407909393311,7.504049426643178e-05
70.426248779297,20.407360076904304,0.00027790258172899485
70.426248779297,20.5506410598755,-2.159860378014855e-05
70.426248779297,20.69392204284669,0.00021784516866318882
70.426248779297,20.837203025817885,6.682647654088214e-05
70.426248779297,20.98048400878908,0.000245127099333331
70.426248779297,21.123764991760275,0.0003950864775106311
70.426248779297,21.26704597473147,-3.02014741464518e-05
70.426248779297,21.410326957702665,0.00020478974329307675
70.426248779297,21.55360794067386,7.30763204046525e-05
70.426248779297,21.69688892364505,0.00012954248813912272
70.426248779297,21.840169906616246,1.3518221749109216e-05
70.426248779297,21.98345088958744,-3.455719706835225e-05
70.426248779297,22.12673187255864,0.0003433818055782467
70.426248779297,22.27001285552983,7.790590461809188e-05
70.426248779297,22.413293838501023,0.00010752218804555014
70.426248779297,22.55657482147222,7.124990952434018e-05
70.426248779297,22.699855804443416,5.0614933570614085e-05
70.426248779297,22.84313678741461,0.0003919187292922288
70.426248779297,22.98641777038581,1.5836792954360135e-05
70.426248779297,23.129698753357,0.0002043506974587217
70.426248779297,23.272979736328196,7.98692271928303e-05
70.426248779297,23.416260719299387,0.0001471644063713029
70.426248779297,23.559541702270582,-0.00012591674749273807
70.426248779297,23.702822685241777,-0.0002645899949129671
70.426248779297,23.84610366821297,0.00018720372463576496
70.426248779297,23.989384651184167,0.00019455690926406533
70.426248779297,24.13266563415536,0.00017055546049959958
70.426248779297,24.27594661712656,0.00014939295942895114
70.426248779297,24.41922760009775,7.83063023845898e-06
70.426248779297,24.562508583068944,1.5523524780292064e-05
70.426248779297,24.70578956604014,1.0546395969868172e-05
70.566248779297,20.120798110961918,-8.655284182168543e-05
70.566248779297,20.26407909393311,0.00016183713159989566
70.566248779297,20.407360076904304,-3.575212031137198e-05
70.566248779297,20.5506410598755,-3.428996569709852e-05
70.566248779297,20.69392204284669,9.254541510017589e-05
70.566248779297,20.837203025817885,0.00016527817933820188
70.566248779297,20.98048400878908,0.00022718484979122877
70.566248779297,21.123764991760275,0.00027916673570871353
70.566248779297,21.26704597473147,0.00026875894400291145
70.566248779297,21.410326957702665,-5.589611828327179e-05
70.566248779297,21.55360794067386,-9.695954213384539e-05
70.566248779297,21.69688892364505,0.00022109836572781205
70.566248779297,21.840169906616246,0.00020815023162867874
70.566248779297,21.98345088958744,2.9439932404784486e-05
70.566248779297,22.12673187255864,0.00010268550249747932
70.566248779297,22.27001285552983,3.36950906785205e-05
70.566248779297,22.413293838501023,0.00014450364687945694
70.566248779297,22.55657482147222,7.230243500089273e-05
70.566248779297,22.699855804443416,0.00023004984541330487
70.566248779297,22.84313678741461,-3.4091259294655174e-05
70.566248779297,22.98641777038581,0.00018162540800403804
70.566248779297,23.129698753357,-2.3130767658585683e-05
70.566248779297,23.272979736328196,0.00029935670318081975
70.566248779297,23.416260719299387,-0.0001708554627839476
70.566248779297,23.559541702270582,0.00011385481775505468
70.566248779297,23.702822685241777,0.00019107238040305674
70.566248779297,23.84610366821297,-9.994029096560553e-05
70.566248779297,23.989384651184167,-0.00012688440619967878
70.566248779297,24.13266563415536,0.00018721171363722533
70.566248779297,24.27594661712656,0.0001647202152526006
70.566248779297,24.41922760009775,4.340139275882393e-05
70.566248779297,24.562508583068944,0.0001096968335332349
70.566248779297,24.70578956604014,0.000263078574789688
70.706248779297,20.120798110961918,5.083632277091965e-05
70.706248779297,20.26407909393311,0.00035417856997810304
70.706248779297,20.407360076904304,0.00010516566544538364
70.706248779297,20.5506410598755,0.00010747536725830287
70.706248779297,20.69392204284669,-4.2048988689202815e-05
70.706248779297,20.837203025817885,8.361122308997437e-05
70.706248779297,20.98048400878908,-7.177839142968878e-05
70.706248779297,21.123764991760275,3.585839658626355e-05
70.706248779297,21.26704597473147,0.0002499933179933578
70.706248779297,21.410326957702665,0.00011632601672317833
70.706248779297,21.55360794067386,9.983650670619681e-05
70.706248779297,21.69688892364505,8.519829862052575e-05
70.706248779297,21.840169906616246,-4.023269411845831e-06
70.706248779297,21.98345088958744,0.0002646460197865963
70.706248779297,22.12673187255864,0.00015306059503927827
70.706248779297,22.27001285552983,0.00023286856594495475
70.706248779297,22.413293838501023,-9.951290849130601e-05
70.706248779297,22.55657482147222,-3.923505573766306e-06
70.706248779297,22.699855804443416,3.348486279719509e-05
70.706248779297,22.84313678741461,1.585546851856634e-05
70.706248779297,22.98641777038581,0.00022372565581463277
70.706248779297,23.129698753357,-0.0002049458707915619
70.706248779297,23.272979736328196,-1.7799158740672283e-05
70.706248779297,23.416260719299387,0.00025043298956006765
70.706248779297,23.559541702270582,0.0001146849972428754
70.706248779297,23.702822685241777,-2.9834051019861363e-05
70.706248779297,23.84610366821297,8.159885328495875e-05
70.706248779297,23.989384651184167,0.00016886595403775573
70.706248779297,24.13266563415536,0.00015268143033608794
70.706248779297,24.27594661712656,0.00029793070279993117
70.706248779297,24.41922760009775,0.0001334870612481609
70.706248779297,24.562508583068944,0.00039874896174296737
70.706248779297,24.70578956604014,
70.846248779297,20.120798110961918,0.00022033423010725528
70.846248779297,20.26407909393311,8.061130210990086e-05
70.846248779297,20.407360076904304,-2.04566094907932e-05
70.846248779297,20.5506410598755,0.0001748638169374317
70.846248779297,20.69392204284669,0.0002047527814283967
70.846248779297,20.837203025817885,1.7794944142224267e-05
70.846248779297,20.98048400878908,-5.955026426818222e-05
70.846248779297,21.123764991760275,8.513870852766559e-05
70.846248779297,21.26704597473147,0.0002705043589230627
70.846248779297,21.410326957702665,0.0002091973292408511
70.846248779297,21.55360794067386,-6.5461904341646004e-06
70.846248779297,21.69688892364505,6.843105074949563e-05
70.846248779297,21.840169906616246,0.00017280993051826954
70.846248779297,21.98345088958744,0.00017313475836999714
70.846248779297,22.12673187255864,0.0001881860225694254
70.846248779297,22.27001285552983,0.00010799826122820377
70.846248779297,22.413293838501023,3.933120387955569e-05
70.846248779297,22.55657482147222,0.00010585221025394276
70.846248779297,22.699855804443416,0.0001536237687105313
70.846248779297,22.84313678741461,-0.00013824683264829218
70.846248779297,22.98641777038581,0.0001735091645969078
70.846248779297,23.129698753357,0.00010430489055579528
70.846248779297,23.272979736328196,0.00012499144941102713
70.846248779297,23.416260719299387,8.333202276844531e-05
70.846248779297,23.559541702270582,-4.20605247200001e-05
70.846248779297,23.702822685241777,-7.949396240292117e-05
70.846248779297,23.84610366821297,7.703705341555178e-05
70.846248779297,23.989384651184167,0.00021620176266878843
70.846248779297,24.13266563415536,0.0001499627105658874
70.846248779297,24.27594661712656,0.00015388859901577234
70.846248779297,24.41922760009775,0.0002316530590178445
70.846248779297,24.562508583068944,2.646013854246121e-05
70.846248779297,24.70578956604014,0.00015057424025144428
70.986248779297,20.120798110961918,0.00033680914202705026
70.986248779297,20.26407909393311,0.0001410138647770509
70.986248779297,20.407360076904304,9.444891475141048e-05
70.986248779297,20.5506410598755,0.00023814185988157988
70.986248779297,20.69392204284669,-2.209829654020723e-05
70.986248779297,20.837203025817885,5.441336270450847e-06
70.986248779297,20.98048400878908,0.0002326916583115235
70.986248779297,21.123764991760275,0.00028721566195599735
70.986248779297,21.26704597473147,5.5951852118596435e-05
70.986248779297,21.410326957702665,-0.0001407244853908196
70.986248779297,21.55360794067386,0.0002640659804455936
70.986248779297,21.69688892364505,0.00011195913248229772
70.986248779297,21.840169906616246,0.00010357192513765767
70.986248779297,21.98345088958744,0.00015230070857796818
70.986248779297,22.12673187255864,0.00018833551439456642
70.986248779297,22.27001285552983,-1.9780933143920265e-05
70.986248779297,22.413293838501023,-0.0001617651287233457
70.986248779297,22.55657482147222,0.00014679375453852117
70.986248779297,22.699855804443416,0.00022866015206091106
70.986248779297,22.84313678741461,-2.4425726223853417e-05
70.986248779297,22.98641777038581,9.89914478850551e-05
70.986248779297,23.129698753357,-9.332215427093615e-07
70.986248779297,23.272979736328196,0.00014880056551191956
70.986248779297,23.416260719299387,-0.00015806926239747554
70.986248779297,23.559541702270582,0.00013963875244371593
70.986248779297,23.702822685241777,0.00017160663264803588
70.986248779297,23.84610366821297,-0.00013818375009577721
70.986248779297,23.989384651184167,0.00017612040392123163
70.986248779297,24.13266563415536,0.0001674342347541824
70.986248779297,24.27594661712656,-5.2789335313718766e-05
70.986248779297,24.41922760009775,-8.46372713567689e-05
70.986248779297,24.562508583068944,2.593639692349825e-05
70.986248779297,24.70578956604014,4.38679417129606e-05
71.126248779297,20.120798110961918,0.00010064562229672447
71.126248779297,20.26407909393311,0.00014887219003867358
71.126248779297,20.407360076904304,-8.91268573468551e-05
71.126248779297,20.5506410598755,0.000208745535928756
71.126248779297,20.69392204284669,-0.0001211343114846386
71.126248779297,20.837203025817885,7.709742203587666e-05
71.126248779297,20.98048400878908,-3.983182523370488e-06
71.126248779297,21.123764991760275,7.865808584028855e-05
71.126248779297,21.26704597473147,-7.49168248148635e-05
71.126248779297,21.410326957702665,-8.156973490258679e-05
71.126248779297,21.55360794067386,9.547769150231034e-05
71.126248779297,21.69688892364505,9.714040061226115e-05
71.126248779297,21.840169906616246,2.348644738958683e-05
71.126248779297,21.98345088958744,0.00012102321488782763
71.126248779297,22.12673187255864,-7.968066347530112e-05
71.126248779297,22.27001285552983,1.9209242964279838e-05
71.126248779297,22.413293838501023,0.00017990634660236537
71.126248779297,22.55657482147222,0.00016376185521949083
71.126248779297,22.699855804443416,-0.00010567210119916126
71.126248779297,22.84313678741461,0.00036827262374572456
71.126248779297,22.98641777038581,-4.926160545437597e-05
71.126248779297,23.129698753357,0.00011975203960901126
71.126248779297,23.272979736328196,-8.726176747586578e-05
71.126248779297,23.416260719299387,1.5996713045751676e-05
71.126248779297,23.559541702270582,0.00032262594322673976
71.126248779297,23.702822685241777,-8.421614620601758e-05
71.126248779297,23.84610366821297,6.884697359055281e-05
71.126248779297,23.989384651184167,-7.874041330069304e-06
71.126248779297,24.13266563415536,-6.013175516272895e-05
71.126248779297,24.27594661712656,0.00025914827710948884
71.126248779297,24.41922760009775,0.00010959606152027845
71.126248779297,24.562508583068944,4.0371669456362724e-06
71.126248779297,24.70578956604014,-5.467268420034088e-05
71.266248779297,20.120798110961918,-0.0001382748014293611
71.266248779297,20.26407909393311,-7.790780364302918e-05
71.266248779297,20.407360076904304,-0.00012632194557227194
71.266248779297,20.5506410598755,0.00024390283215325326
71.266248779297,20.69392204284669,7.733023085165769e-05
71.266248779297,20.837203025817885,0.0002885429421439767
71.266248779297,20.98048400878908,2.240570574940648e-05
71.266248779297,21.123764991760275,-4.388657907838933e-05
71.266248779297,21.26704597473147,0.00017511208716314286
71.266248779297,21.410326957702665,-0.0001816905423766002
71.266248779297,21.55360794067386,5.110646270622965e-06
71.266248779297,21.69688892364505,1.9610708932304988e-06
71.266248779297,21.840169906616246,4.983112739864737e-05
71.266248779297,21.98345088958744,8.769635314820334e-05
71.266248779297,22.12673187255864,0.00010495192691450939
71.266248779297,22.27001285552983,-3.185882087564096e-05
71.266248779297,22.413293838501023,-6.372448842739686e-05
71.266248779297,22.55657482147222,-2.330448478460312e-05
71.266248779297,22.699855804443416,0.00011882117541972548
71.266248779297,22.84313678741461,-2.1224897864158265e-05
71.266248779297,22.98641777038581,0.00012038525164825842
71.266248779297,23.129698753357,-1.1601676305872388e-05
71.266248779297,23.272979736328196,0.00019377413264010102
71.266248779297,23.416260719299387,0.0001372174301650375
71.266248779297,23.559541702270582,0.00024243674124591053
71.266248779297,23.702822685241777,0.0002782891097012907
71.266248779297,23.84610366821297,0.00036951934453099966
71.266248779297,23.989384651184167,0.00012127013906138018
71.266248779297,24.13266563415536,0.0001229974441230297
71.266248779297,24.27594661712656,0.00023958036035764962
71.266248779297,24.41922760009775,6.162511999718845e-05
71.266248779297,24.562508583068944,2.276207487739157e-05
71.266248779297,24.70578956604014,0.00013831094838678837
71.406248779297,20.120798110961918,0.0001314001710852608
71.406248779297,20.26407909393311,0.00017212520469911397
71.406248779297,20.407360076904304,-3.285148704890162e-05
71.406248779297,20.5506410598755,1.934395004354883e-05
71.406248779297,20.69392204284669,0.00012991379480808973
71.406248779297,20.837203025817885,-5.034902642364614e-05
71.406248779297,20.98048400878908,9.00973827810958e-05
71.406248779297,21.123764991760275,1.3439267604553606e-05
71.406248779297,21.26704597473147,5.9182002587476745e-05
71.406248779297,21.410326957702665,0.00015144917415454984
71.406248779297,21.55360794067386,3.9891070628073066e-05
71.406248779297,21.69688892364505,0.00011158437700942159
71.406248779297,21.840169906616246,-2.7774280169978738e-05
71.406248779297,21.98345088958744,0.00013926735846325755
71.406248779297,22.12673187255864,2.828096694429405e-05
71.406248779297,22.27001285552983,0.00010932577424682677
71.406248779297,22.413293838501023,5.866512219654396e-05
71.406248779297,22.55657482147222,-5.425380732049234e-05
71.406248779297,22.699855804443416,-0.0002630040980875492
71.406248779297,22.84313678741461,6.31533985142596e-05
71.406248779297,22.98641777038581,0.0001977254869416356
71.406248779297,23.129698753357,5.8610865380614996e-05
71.406248779297,23.272979736328196,0.00022776646073907614
71.406248779297,23.416260719299387,0.00013169684098102152
71.406248779297,23.559541702270582,0.00016880579642020166
71.406248779297,23.702822685241777,4.653079668059945e-05
71.406248779297,23.84610366821297,0.00019645647262223065
71.406248779297,23.989384651184167,0.00015604552754666656
71.406248779297,24.13266563415536,4.8834601329872385e-05
71.406248779297,24.27594661712656,-3.2399901101598516e-05
71.406248779297,24.41922760009775,-8.770013664616272e-05
71.406248779297,24.562508583068944,0.00026916517526842654
71.406248779297,24.70578956604014,0.00035273097455501556
71.546248779297,20.120798110961918,0.0002808558929245919
71.546248779297,20.26407909393311,7.902158540673554e-05
71.546248779297,20.407360076904304,-2.9708651709370315e-05
71.546248779297,20.5506410598755,0.00010248665057588369
71.546248779297,20.69392204284669,0.00029634934617206454
71.546248779297,20.837203025817885,-2.69775355263846e-05
71.546248779297,20.98048400878908,0.00022424136113841087
71.546248779297,21.123764991760275,-1.5581081242999062e-05
71.546248779297,21.26704597473147,9.7832758910954e-05
71.546248779297,21.410326957702665,8.669135422678664e-05
71.546248779297,21.55360794067386,7.618890231242403e-05
71.546248779297,21.69688892364505,0.00017558362742420286
71.546248779297,21.840169906616246,0.000144391946378164
71.546248779297,21.98345088958744,6.460279109887779e-05
71.546248779297,22.12673187255864,-0.000142898948979564
71.546248779297,22.27001285552983,0.00018710197764448822
71.546248779297,22.413293838501023,0.000493990199174732
71.546248779297,22.55657482147222,7.0836758823134e-05
71.546248779297,22.699855804443416,0.00013219327956903726
71.546248779297,22.84313678741461,0.0002021198015427217
71.546248779297,22.98641777038581,0.00012483903265092522
71.546248779297,23.129698753357,2.470815888955258e-05
71.546248779297,23.272979736328196,0.0002453408669680357
71.546248779297,23.416260719299387,1.126390657191223e-06
71.546248779297,23.559541702270582,0.00021311137243174016
71.546248779297,23.702822685241777,0.0001324871991528198
71.546248779297,23.84610366821297,0.0002949603658635169
71.546248779297,23.989384651184167,0.00015426658501382917
71.546248779297,24.13266563415536,0.00017203499737661332
71.546248779297,24.27594661712656,0.0001291125372517854
71.546248779297,24.41922760009775,0.0003083935007452965
71.546248779297,24.562508583068944,9.783099812921137e-05
71.546248779297,24.70578956604014,6.710510206175968e-05
71.686248779297,20.120798110961918,0.00022855027054902166
71.686248779297,20.26407909393311,-0.00015775769134052098
71.686248779297,20.407360076904304,8.953766518970951e-05
71.686248779297,20.5506410598755,0.00012353266356512904
71.686248779297,20.69392204284669,0.000450942839961499
71.686248779297,20.837203025817885,0.00018510912195779383
71.686248779297,20.98048400878908,-0.00020888955623377115
71.686248779297,21.123764991760275,0.00011775919119827449
71.686248779297,21.26704597473147,-3.523937630234286e-05
71.686248779297,21.410326957702665,0.0002210280654253438
71.686248779297,21.55360794067386,0.00010518471390241757
71.686248779297,21.69688892364505,3.013169589394238e-05
71.686248779297,21.840169906616246,0.00025578492204658687
71.686248779297,21.98345088958744,0.000130230953800492
71.686248779297,22.12673187255864,3.131145058432594e-05
71.686248779297,22.27001285552983,0.0001323095930274576
71.686248779297,22.413293838501023,3.564600046956912e-05
71.686248779297,22.55657482147222,0.00017418584320694208
71.686248779297,22.699855804443416,4.312460805522278e-05
71.686248779297,22.84313678741461,0.00013337956625036895
71.686248779297,22.98641777038581,0.0002965803723782301
71.686248779297,23.129698753357,6.80504526826553e-05
71.686248779297,23.272979736328196,0.00016542903904337436
71.686248779297,23.416260719299387,0.0003109981189481914
71.686248779297,23.559541702270582,-1.5512398022110574e-05
71.686248779297,23.702822685241777,0.00015556947619188577
71.686248779297,23.84610366821297,-7.146110147004947e-05
71.686248779297,23.989384651184167,0.00012603287177626044
71.686248779297,24.13266563415536,3.314737477921881e-05
71.686248779297,24.27594661712656,4.367470683064312e-05
71.686248779297,24.41922760009775,-8.505990990670398e-06
71.686248779297,24.562508583068944,6.51236841804348e-05
71.686248779297,24.70578956604014,0.0002546411124058068
71.826248779297,20.120798110961918,-3.514772834023461e-05
71.826248779297,20.26407909393311,0.0003056318673770875
71.826248779297,20.407360076904304,-0.00010625283903209493
71.826248779297,20.5506410598755,0.00015495787374675274
71.826248779297,20.69392204284669,-2.707345993258059e-05
71.826248779297,20.837203025817885,0.00024840678088366985
71.826248779297,20.98048400878908,0.00027658106409944594
71.826248779297,21.123764991760275,-0.00011829040158772841
71.826248779297,21.26704597473147,0.0001240766141563654
71.826248779297,21.410326957702665,0.00020595008390955627
71.826248779297,21.55360794067386,-7.4960888014175e-05
71.826248779297,21.69688892364505,0.00029090719181112945
71.826248779297,21.840169906616246,5.1238843298051506e-05
71.826248779297,21.98345088958744,6.3420470723940525e-06
71.826248779297,22.12673187255864,4.4160271500004455e-05
71.826248779297,22.27001285552983,4.573889964376576e-05
71.826248779297,22.413293838501023,0.00015465353499166667
71.826248779297,22.55657482147222,6.953897536732256e-05
71.826248779297,22.699855804443416,0.0001718938146950677
71.826248779297,22.84313678741461,0.00010957478662021458
71.826248779297,22.98641777038581,0.0001520461664767936
71.826248779297,23.129698753357,5.596034316113219e-05
71.826248779297,23.272979736328196,0.00033725128741934896
71.826248779297,23.416260719299387,0.00014459936937782913
71.826248779297,23.559541702270582,3.7933023122604936e-05
71.826248779297,23.702822685241777,0.00011501677363412455
71.826248779297,23.84610366821297,0.00013721370487473905
71.826248779297,23.989384651184167,-6.585226219613105e-05
71.826248779297,24.13266563415536,-7.778345752740279e-05
71.826248779297,24.27594661712656,4.779407845489914e-06
71.826248779297,24.41922760009775,0.00020930537721142173
71.826248779297,24.562508583068944,0.00013407281949184835
71.826248779297,24.70578956604014,0.0001631271152291447
71.966248779297,20.120798110961918,0.00014687760267406702
71.966248779297,20.26407909393311,0.00021109753288328648
71.966248779297,20.407360076904304,0.00018119884771294892
71.966248779297,20.5506410598755,9.110208338825032e-05
71.966248779297,20.69392204284669,-4.502959654928418e-06
71.966248779297,20.837203025817885,0.0002779209753498435
71.966248779297,20.98048400878908,0.0001514313044026494
71.966248779297,21.123764991760275,-5.241105463937856e-05
71.966248779297,21.26704597473147,6.800133996875957e-05
71.966248779297,21.410326957702665,-7.433089194819331e-05
71.966248779297,21.55360794067386,-3.394542363821529e-05
71.966248779297,21.69688892364505,8.818760397844017e-05
71.966248779297,21.840169906616246,-0.00011347576219122857
71.966248779297,21.98345088958744,0.00015956189599819481
71.966248779297,22.12673187255864,1.4195376934367232e-05
71.966248779297,22.27001285552983,3.5788503737421706e-05
71.966248779297,22.413293838501023,0.00025427647051401436
71.966248779297,22.55657482147222,5.877750027138973e-06
71.966248779297,22.699855804443416,-0.00010692854266380891
71.966248779297,22.84313678741461,1.865484045993071e-05
71.966248779297,22.98641777038581,0.0002473726053722203
71.966248779297,23.129698753357,9.569561370881274e-05
71.966248779297,23.272979736328196,-6.916499114595354e-05
71.966248779297,23.416260719299387,-0.00013243965804576874
71.966248779297,23.559541702270582,0.00023543674615211785
71.966248779297,23.702822685241777,0.0001280385913560167
71.966248779297,23.84610366821297,-0.00010923985973931849
71.966248779297,23.989384651184167,0.00011066396109526977
71.966248779297,24.13266563415536,-2.1453228328027762e-05
71.966248779297,24.27594661712656,0.00039846476283855736
71.966248779297,24.41922760009775,0.00015422626165673137
71.966248779297,24.562508583068944,0.00013748502533417195
71.966248779297,24.70578956604014,7.667173485970125e-05
72.106248779297,20.120798110961918,4.840643305215053e-05
72.106248779297,20.26407909393311,9.420116839464754e-05
72.106248779297,20.407360076904304,6.165755621623248e-05
72.106248779297,20.5506410598755,3.9148049836512655e-05
72.106248779297,20.69392204284669,0.0004066337423864752
72.106248779297,20.837203025817885,0.00011486679431982338
72.106248779297,20.98048400878908,0.00019184408301953226
72.106248779297,21.123764991760275,-6.581725756404921e-05
72.106248779297,21.26704597473147,0.00021663751977030188
72.106248779297,21.410326957702665,0.0001114363330998458
72.106248779297,21.55360794067386,0.0001677103718975559
72.106248779297,21.69688892364505,0.0003313945489935577
72.106248779297,21.840169906616246,0.00017990634660236537
72.106248779297,21.98345088958744,0.0003865343751385808
72.106248779297,22.12673187255864,2.3646340196137317e-05
72.106248779297,22.27001285552983,-4.353415988589404e-06
72.106248779297,22.413293838501023,0.00012181945203337818
72.106248779297,22.55657482147222,0.0002708836691454053
72.106248779297,22.699855804443416,0.00017301432671956718
72.106248779297,22.84313678741461,0.0001491350121796131
72.106248779297,22.98641777038581,0.00015499252185691148
72.106248779297,23.129698753357,-1.810882349673193e-05
72.106248779297,23.272979736328196,7.585604180349037e-05
72.106248779297,23.416260719299387,-0.00010312070662621409
72.106248779297,23.559541702270582,0.00028999513597227633
72.106248779297,23.702822685241777,-6.263634713832289e-05
72.106248779297,23.84610366821297,0.00011879557132488117
72.106248779297,23.989384651184167,0.00032149115577340126
72.106248779297,24.13266563415536,0.00013831802061758935
72.106248779297,24.27594661712656,5.357548798201606e-05
72.106248779297,24.41922760009775,-0.00013060103810857981
72.106248779297,24.562508583068944,0.00011632829409791157
72.106248779297,24.70578956604014,-7.134598126867786e-05
72.246248779297,20.120798110961918,8.65530819282867e-05
72.246248779297,20.26407909393311,2.1232101062196307e-05
72.246248779297,20.407360076904304,-4.87259567307774e-05
72.246248779297,20.5506410598755,0.0001873325527412817
72.246248779297,20.69392204284669,8.156841795425862e-05
72.246248779297,20.837203025817885,-1.238244840351399e-05
72.246248779297,20.98048400878908,0.00010868989193113521
72.246248779297,21.123764991760275,8.659200102556497e-05
72.246248779297,21.26704597473147,4.8972513468470424e-05
72.246248779297,21.410326957702665,0.0001790240639820695
72.246248779297,21.55360794067386,-7.309893408091739e-05
72.246248779297,21.69688892364505,5.88193979638163e-05
72.246248779297,21.840169906616246,0.0001673111692070961
72.246248779297,21.98345088958744,0.00025863124756142497
72.246248779297,22.12673187255864,-5.75402045797091e-05
72.246248779297,22.27001285552983,0.00024054119421634823
72.246248779297,22.413293838501023,-4.892443030257709e-05
72.246248779297,22.55657482147222,0.00033246612292714417
72.246248779297,22.699855804443416,0.00014168368943501264
72.246248779297,22.84313678741461,0.00026603034348227084
72.246248779297,22.98641777038581,6.70211884425953e-05
72.246248779297,23.129698753357,0.0002538975968491286
72.246248779297,23.272979736328196,0.00024442170979455113
72.246248779297,23.416260719299387,0.00014031038153916597
72.246248779297,23.559541702270582,3.67340944649186e-05
72.246248779297,23.702822685241777,0.0002770341816358268
72.246248779297,23.84610366821297,0.00021889357594773173
72.246248779297,23.989384651184167,-1.8633798390510492e-05
72.246248779297,24.13266563415536,0.0001675241655902937
72.246248779297,24.27594661712656,-1.0790835403895471e-05
72.246248779297,24.41922760009775,0.0001058499765349552
72.246248779297,24.562508583068944,0.00022046435333322734
72.246248779297,24.70578956604014,0.00024101280723698437
72.386248779297,20.120798110961918,0.00015199545305222273
72.386248779297,20.26407909393311,-0.00011908395390491933
72.386248779297,20.407360076904304,0.0001097860440495424
72.386248779297,20.5506410598755,2.5957051548175514e-05
72.386248779297,20.69392204284669,1.8412787540000863e-05
72.386248779297,20.837203025817885,4.803115371032618e-05
72.386248779297,20.98048400878908,5.72106109757442e-05
72.386248779297,21.123764991760275,0.00033265165984630585
72.386248779297,21.26704597473147,0.00024527564528398216
72.386248779297,21.410326957702665,8.750543202040717e-05
72.386248779297,21.55360794067386,2.71579278887657e-06
72.386248779297,21.69688892364505,-8.86068373802118e-05
72.386248779297,21.840169906616246,0.00019383612379897386
72.386248779297,21.98345088958744,0.00011413383617764339
72.386248779297,22.12673187255864,6.337867671390995e-05
72.386248779297,22.27001285552983,0.0004947443958371878
72.386248779297,22.413293838501023,-6.375783414114267e-05
72.386248779297,22.55657482147222,4.8070927732624114e-05
72.386248779297,22.699855804443416,0.00016907563258428127
72.386248779297,22.84313678741461,-0.00012987125955987722
72.386248779297,22.98641777038581,0.00019905121007468551
72.386248779297,23.129698753357,-0.00011086643644375727
72.386248779297,23.272979736328196,0.00017453223699703813
72.386248779297,23.416260719299387,0.00010078541527036577
72.386248779297,23.559541702270582,7.643637218279764e-05
72.386248779297,23.702822685241777,4.9953207053476945e-05
72.386248779297,23.84610366821297,0.0001066492623067461
72.386248779297,23.989384651184167,0.00023183297889772803
72.386248779297,24.13266563415536,9.571450209477916e-05
72.386248779297,24.27594661712656,0.00010072847362607718
72.386248779297,24.41922760009775,-2.8597036362043582e-05
72.386248779297,24.562508583068944,-5.504922228283249e-06
72.386248779297,24.70578956604014,0.00025227729929611087
72.526248779297,20.120798110961918,6.030822260072455e-05
72.526248779297,20.26407909393311,4.600175816449337e-05
72.526248779297,20.407360076904304,2.929891934400075e-06
72.526248779297,20.5506410598755,2.8061054763384163e-05
72.526248779297,20.69392204284669,5.32564808963798e-05
72.526248779297,20.837203025817885,-6.610829586861655e-05
72.526248779297,20.98048400878908,0.00033853884087875485
72.526248779297,21.123764991760275,0.00010634199134074152
72.526248779297,21.26704597473147,0.00041294153197668493
72.526248779297,21.410326957702665,0.0001875089219538495
72.526248779297,21.55360794067386,0.0002468103775754571
72.526248779297,21.69688892364505,0.00027451929054223
72.526248779297,21.840169906616246,0.0001884611410787329
72.526248779297,21.98345088958744,0.00024410181504208595
72.526248779297,22.12673187255864,0.00018370052566751838
72.526248779297,22.27001285552983,0.00016100741049740463
72.526248779297,22.413293838501023,0.00011547579197213054
72.526248779297,22.55657482147222,-0.00011489863391034305
72.526248779297,22.699855804443416,7.571926107630134e-05
72.526248779297,22.84313678741461,-6.714088158332743e-06
72.526248779297,22.98641777038581,0.00010141314123757184
72.526248779297,23.129698753357,0.00018113951955456287
72.526248779297,23.272979736328196,0.00021526773343794048
72.526248779297,23.416260719299387,0.0001085340409190394
72.526248779297,23.559541702270582,0.0002218203735537827
72.526248779297,23.702822685241777,-1.3003659660171252e-05
72.526248779297,23.84610366821297,0.0002351060538785532
72.526248779297,23.989384651184167,1.621432056708727e-05
72.526248779297,24.13266563415536,6.87511419528164e-05
72.526248779297,24.27594661712656,0.00022230557806324214
72.526248779297,24.41922760009775,0.00015494183753617108
72.526248779297,24.562508583068944,-3.253424074500799e-05
72.526248779297,24.70578956604014,0.00012819154653698206
72.666248779297,20.120798110961918,-0.00021104462211951613
72.666248779297,20.26407909393311,2.9475573683157563e-05
72.666248779297,20.407360076904304,0.00025831919629126787
72.666248779297,20.5506410598755,0.00011914397327927873
72.666248779297,20.69392204284669,3.3071984944399446e-05
72.666248779297,20.837203025817885,0.00013588715228252113
72.666248779297,20.98048400878908,-1.2570954822876956e-05
72.666248779297,21.123764991760275,6.836026295786723e-05
72.666248779297,21.26704597473147,0.0003198679769411683
72.666248779297,21.410326957702665,-0.00010385930363554507
72.666248779297,21.55360794067386,8.33750018500723e-05
72.666248779297,21.69688892364505,5.6515864343964495e-06
72.666248779297,21.840169906616246,-9.691019613455865e-07
72.666248779297,21.98345088958744,0.00014324113726615906
72.666248779297,22.12673187255864,0.000136058428324759
72.666248779297,22.27001285552983,-0.0001262014702660963
72.666248779297,22.413293838501023,9.654264431446791e-05
72.666248779297,22.55657482147222,0.00010150237358175218
72.666248779297,22.699855804443416,0.00012215052265673876
72.666248779297,22.84313678741461,4.225550583214499e-05
72.666248779297,22.98641777038581,2.3978853278094903e-05
72.666248779297,23.129698753357,-7.562852260889485e-05
72.666248779297,23.272979736328196,0.0002529465709812939
72.666248779297,23.416260719299387,0.0001525416737422347
72.666248779297,23.559541702270582,0.000161030882736668
72.666248779297,23.702822685241777,-7.778345752740279e-05
72.666248779297,23.84610366821297,0.0003242245875298977
72.666248779297,23.989384651184167,0.0001468575355829671
72.666248779297,24.13266563415536,3.26546432916075e-05
72.666248779297,24.27594661712656,-5.897974915569648e-05
72.666248779297,24.41922760009775,6.632325676036999e-05
72.666248779297,24.562508583068944,0.00018102032481692731
72.666248779297,24.70578956604014,1.3183988812670577e-05
72.80624877929701,20.120798110961918,0.00011059846292482689
72.80624877929701,20.26407909393311,3.7764653825433925e-05
72.80624877929701,20.407360076904304,4.433467438502703e-06
72.80624877929701,20.5506410598755,0.00021969051158521324
72.80624877929701,20.69392204284669,3.4748118196148425e-05
72.80624877929701,20.837203025817885,-3.267589272581972e-05
72.80624877929701,20.98048400878908,0.00010349357762606815
72.80624877929701,21.123764991760275,0.0003126066585537046
72.80624877929701,21.26704597473147,5.828711073263548e-05
72.80624877929701,21.410326957702665,3.877638391713845e-06
72.80624877929701,21.55360794067386,-7.382571493508294e-05
72.80624877929701,21.69688892364505,7.295404793694615e-05
72.80624877929701,21.840169906616246,0.00014085612201597542
72.80624877929701,21.98345088958744,-2.731543645495549e-05
72.80624877929701,22.12673187255864,-1.2549001439765561e-05
72.80624877929701,22.27001285552983,-0.00013819623563904315
72.80624877929701,22.413293838501023,0.0002399039367446676
72.80624877929701,22.55657482147222,7.05230631865561e-05
72.80624877929701,22.699855804443416,0.0001556258648633957
72.80624877929701,22.84313678741461,0.0002038428938249126
72.80624877929701,22.98641777038581,-0.00011196161358384416
72.80624877929701,23.129698753357,1.076546777767362e-05
72.80624877929701,23.272979736328196,-0.00010434437717776746
72.80624877929701,23.416260719299387,-0.00023843461531214416
72.80624877929701,23.559541702270582,0.00015549015370197594
72.80624877929701,23.702822685241777,0.00021811615442857146
72.80624877929701,23.84610366821297,-9.035725815920159e-05
72.80624877929701,23.989384651184167,9.919965668814257e-05
72.80624877929701,24.13266563415536,-0.00012051240628352389
72.80624877929701,24.27594661712656,0.00015125035133678466
72.80624877929701,24.41922760009775,-4.876480306847952e-05
72.80624877929701,24.562508583068944,0.0002506432356312871
72.80624877929701,24.70578956604014,0.00022291872301138937
72.94624877929701,20.120798110961918,4.064967288286425e-05
72.94624877929701,20.26407909393311,-1.855823393270839e-05
72.94624877929701,20.407360076904304,0.0002044245193246752
72.94624877929701,20.5506410598755,4.4245669414522126e-05
72.94624877929701,20.69392204284669,4.504702883423306e-05
72.94624877929701,20.837203025817885,7.31462350813672e-05
72.94624877929701,20.98048400878908,8.005670679267496e-05
72.94624877929701,21.123764991760275,0.0002042057312792167
72.94624877929701,21.26704597473147,0.00010999326332239434
72.94624877929701,21.410326957702665,0.000216254687984474
72.94624877929701,21.55360794067386,-1.0104860848514363e-05
72.94624877929701,21.69688892364505,-6.950033275643364e-05
72.94624877929701,21.840169906616246,0.00027105031767860055
72.94624877929701,21.98345088958744,0.00020279898308217525
72.94624877929701,22.12673187255864,-0.00010692854266380891
72.94624877929701,22.27001285552983,2.691227746254299e-05
72.94624877929701,22.413293838501023,0.00011175071267643943
72.94624877929701,22.55657482147222,0.00019861168402712792
72.94624877929701,22.699855804443416,0.00029584861476905644
72.94624877929701,22.84313678741461,1.734367833705619e-05
72.94624877929701,22.98641777038581,4.854660073760897e-05
72.94624877929701,23.129698753357,0.0005507291643880308
72.94624877929701,23.272979736328196,-6.219385977601632e-05
72.94624877929701,23.416260719299387,0.00014802973601035774
72.94624877929701,23.559541702270582,8.153765520546585e-05
72.94624877929701,23.702822685241777,1.7245765775442123e-05
72.94624877929701,23.84610366821297,0.00012346034054644406
72.94624877929701,23.989384651184167,0.00010190673492616042
72.94624877929701,24.13266563415536,0.00012707537098322064
72.94624877929701,24.27594661712656,0.0001856394374044612
72.94624877929701,24.41922760009775,0.0003588034596759826
72.94624877929701,24.562508583068944,-2.5576655389158987e-05
72.94624877929701,24.70578956604014,-4.763540346175432e-05
73.08624877929701,20.120798110961918,6.322016270132735e-05
73.08624877929701,20.26407909393311,6.564624345628545e-05
73.08624877929701,20.407360076904304,9.54455572355073e-06
73.08624877929701,20.5506410598755,5.913186396355741e-05
73.08624877929701,20.69392204284669,0.0001896130561362952
73.08624877929701,20.837203025817885,0.00012022014561807737
73.08624877929701,20.98048400878908,0.00024512640084140003
73.08624877929701,21.123764991760275,0.00012678277562372386
73.08624877929701,21.26704597473147,0.0002131554501829669
73.08624877929701,21.410326957702665,5.671983672073111e-05
73.08624877929701,21.55360794067386,5.840760422870517e-05
73.08624877929701,21.69688892364505,-1.3672542081621941e-05
73.08624877929701,21.840169906616246,0.0003338016977068037
73.08624877929701,21.98345088958744,-7.29013336240314e-05
73.08624877929701,22.12673187255864,7.676655513932928e-05
73.08624877929701,22.27001285552983,6.228640268091112e-05
73.08624877929701,22.413293838501023,0.00013787888747174293
73.08624877929701,22.55657482147222,6.436447620217223e-06
73.08624877929701,22.699855804443416,7.01298049534671e-05
73.08624877929701,22.84313678741461,0.00029935906059108675
73.08624877929701,22.98641777038581,0.00013144183321855962
73.08624877929701,23.129698753357,-6.163533544167876e-05
73.08624877929701,23.272979736328196,0.00014000348164699972
73.08624877929701,23.416260719299387,0.00014000182272866368
73.08624877929701,23.559541702270582,-4.81545393995475e-05
73.08624877929701,23.702822685241777,3.8202721043489873e-05
73.08624877929701,23.84610366821297,-5.269378743832931e-05
73.08624877929701,23.989384651184167,-6.233305612113327e-05
73.08624877929701,24.13266563415536,2.0685944036813453e-05
73.08624877929701,24.27594661712656,0.00013024950749240816
73.08624877929701,24.41922760009775,-4.886221722699702e-05
73.08624877929701,24.562508583068944,0.00027564054471440613
73.08624877929701,24.70578956604014,0.0003526139771565795
73.22624877929701,20.120798110961918,0.0002003131521632895
73.22624877929701,20.26407909393311,8.024548878893256e-05
73.22624877929701,20.407360076904304,5.435633647721261e-05
73.22624877929701,20.5506410598755,-4.492989319260232e-05
73.22624877929701,20.69392204284669,0.0002840484958142042
73.22624877929701,20.837203025817885,0.00016409525414928794
73.22624877929701,20.98048400878908,-0.00019661874102894217
73.22624877929701,21.123764991760275,8.312406134791672e-05
73.22624877929701,21.26704597473147,-8.689551759744063e-05
73.22624877929701,21.410326957702665,0.0001665641466388479
73.22624877929701,21.55360794067386,0.00023162236902862787
73.22624877929701,21.69688892364505,6.415108509827405e-05
73.22624877929701,21.840169906616246,0.00021946642664261162
73.22624877929701,21.98345088958744,7.879100849095266e-06
73.22624877929701,22.12673187255864,6.44168394501321e-05
73.22624877929701,22.27001285552983,8.850924496073276e-05
73.22624877929701,22.413293838501023,0.00011518471001181751
73.22624877929701,22.55657482147222,-8.157491538440809e-05
73.22624877929701,22.699855804443416,0.00023316589067690074
73.22624877929701,22.84313678741461,0.00019997882191091776
73.22624877929701,22.98641777038581,2.2986019757809117e-05
73.22624877929701,23.129698753357,5.40535147592891e-05
73.22624877929701,23.272979736328196,-6.143845530459657e-05
73.22624877929701,23.416260719299387,0.00013880550977773964
73.22624877929701,23.559541702270582,0.00019058914040215313
73.22624877929701,23.702822685241777,2.3313220935961e-06
73.22624877929701,23.84610366821297,-6.198621122166514e-06
73.22624877929701,23.989384651184167,0.00029641675064340234
73.22624877929701,24.13266563415536,-0.00012828830222133547
73.22624877929701,24.27594661712656,0.0002434897469356656
73.22624877929701,24.41922760009775,0.0002764104283414781
73.22624877929701,24.562508583068944,-3.412336081964895e-05
73.22624877929701,24.70578956604014,0.0001626935409149155
73.36624877929701,20.120798110961918,0.00020260938617866486
73.36624877929701,20.26407909393311,0.00032104694400914013
73.36624877929701,20.407360076904304,-4.456937676877715e-05
73.36624877929701,20.5506410598755,0.00010571457823971286
73.36624877929701,20.69392204284669,6.584393122466281e-05
73.36624877929701,20.837203025817885,-9.044622856890783e-05
73.36624877929701,20.98048400878908,0.00023022219829726964
73.36624877929701,21.123764991760275,2.0780884369742125e-05
73.36624877929701,21.26704597473147,5.580493598245084e-05
73.36624877929701,21.410326957702665,0.00010023744835052639
73.36624877929701,21.55360794067386,9.939439769368619e-05
73.36624877929701,21.69688892364505,0.0001977150241145864
73.36624877929701,21.840169906616246,1.3513283192878589e-05
73.36624877929701,21.98345088958744,-0.00021191968698985875
73.36624877929701,22.12673187255864,8.314268052345142e-05
73.36624877929701,22.27001285552983,8.282308408524841e-05
73.36624877929701,22.413293838501023,-0.00010760503209894523
73.36624877929701,22.55657482147222,-1.9170151063008234e-05
73.36624877929701,22.699855804443416,0.00018449220806360245
73.36624877929701,22.84313678741461,-8.855444320943207e-05
73.36624877929701,22.98641777038581,-6.163533544167876e-05
73.36624877929701,23.129698753357,1.493259878770914e-05
73.36624877929701,23.272979736328196,2.033691998803988e-05
73.36624877929701,23.416260719299387,1.2395347766869236e-05
73.36624877929701,23.559541702270582,-4.781057214131579e-05
73.36624877929701,23.702822685241777,0.00031072477577254176
73.36624877929701,23.84610366821297,-4.918374088447308e-06
73.36624877929701,23.989384651184167,-6.496080459328368e-05
73.36624877929701,24.13266563415536,0.00022046380036044866
73.36624877929701,24.27594661712656,6.065798515919596e-05
73.36624877929701,24.41922760009775,0.00020192434021737427
73.36624877929701,24.562508583068944,4.7851204726612195e-05
73.36624877929701,24.70578956604014,0.000277585320873186
73.50624877929701,20.120798110961918,-5.951073035248555e-05
73.50624877929701,20.26407909393311,-2.465810757712461e-05
73.50624877929701,20.407360076904304,0.00011432454630266875
73.50624877929701,20.5506410598755,6.616671453230083e-05
73.50624877929701,20.69392204284669,0.00011963295401073992
73.50624877929701,20.837203025817885,-4.4757689465768635e-06
73.50624877929701,20.98048400878908,0.00017633693641982973
73.50624877929701,21.123764991760275,0.0002269879332743585
73.50624877929701,21.26704597473147,-2.5888844902510755e-05
73.50624877929701,21.410326957702665,0.000316753052175045
73.50624877929701,21.55360794067386,-1.955540938070044e-05
73.50624877929701,21.69688892364505,0.00021024463057983667
73.50624877929701,21.840169906616246,9.537605365039781e-05
73.50624877929701,21.98345088958744,0.00012803272693417966
73.50624877929701,22.12673187255864,0.00018568368977867067
73.50624877929701,22.27001285552983,0.00026927562430500984
73.50624877929701,22.413293838501023,7.508019916713238e-05
73.50624877929701,22.55657482147222,-4.027785689686425e-05
73.50624877929701,22.699855804443416,0.00016837245493661612
73.50624877929701,22.84313678741461,9.814302029553801e-05
73.50624877929701,22.98641777038581,-1.7335734810330905e-05
73.50624877929701,23.129698753357,0.00019203069678042084
73.50624877929701,23.272979736328196,0.00036939207348041236
73.50624877929701,23.416260719299387,2.3972472263267264e-05
73.50624877929701,23.559541702270582,7.958008063724265e-05
73.50624877929701,23.702822685241777,4.752507447847165e-05
73.50624877929701,23.84610366821297,-0.0001851901033660397
73.50624877929701,23.989384651184167,0.00022827192151453346
73.50624877929701,24.13266563415536,-0.00014901469694450498
73.50624877929701,24.27594661712656,0.00033151847310364246
73.50624877929701,24.41922760009775,0.00019524544768501073
73.50624877929701,24.562508583068944,0.0002043301792582497
73.50624877929701,24.70578956604014,-6.50296060484834e-05
73.64624877929701,20.120798110961918,0.00015301190433092415
73.64624877929701,20.26407909393311,0.0002913199132308364
73.64624877929701,20.407360076904304,9.591287380317226e-05
73.64624877929701,20.5506410598755,-5.56133136342396e-06
73.64624877929701,20.69392204284669,0.00018561810429673642
73.64624877929701,20.837203025817885,4.497125337366015e-05
73.64624877929701,20.98048400878908,0.00015444440941791981
73.64624877929701,21.123764991760275,0.00013889714318793267
73.64624877929701,21.26704597473147,5.8689474826678634e-05
73.64624877929701,21.410326957702665,-1.5582349078613333e-05
73.64624877929701,21.55360794067386,0.00015174246800597757
73.64624877929701,21.69688892364505,-3.1144085369305685e-05
73.64624877929701,21.840169906616246,0.00043664639815688133
73.64624877929701,21.98345088958744,0.00025082979118451476
73.64624877929701,22.12673187255864,5.499155668076128e-05
73.64624877929701,22.27001285552983,7.703705341555178e-05
73.64624877929701,22.413293838501023,0.0001371125690639019
73.64624877929701,22.55657482147222,0.00018745535635389388
73.64624877929701,22.699855804443416,0.00012437757686711848
73.64624877929701,22.84313678741461,9.290086745750159e-05
73.64624877929701,22.98641777038581,8.22145157144405e-05
73.64624877929701,23.129698753357,5.1852599426638335e-05
73.64624877929701,23.272979736328196,3.243183527956717e-05
73.64624877929701,23.416260719299387,-9.049863729160279e-05
73.64624877929701,23.559541702270582,0.00012841551506426185
73.64624877929701,23.702822685241777,3.554491195245646e-05
73.64624877929701,23.84610366821297,-3.638473208411597e-05
73.64624877929701,23.989384651184167,0.00022278871620073915
73.64624877929701,24.13266563415536,0.0006525418139062822
73.64624877929701,24.27594661712656,0.00016730756033211946
73.64624877929701,24.41922760009775,-5.26651565451175e-05
73.64624877929701,24.562508583068944,-1.4901104805176146e-05
73.64624877929701,24.70578956604014,-7.201053813332692e-05
73.78624877929701,20.120798110961918,-3.365147495060228e-05
73.78624877929701,20.26407909393311,0.0001690719072939828
73.78624877929701,20.407360076904304,-1.5742114555905573e-05
73.78624877929701,20.5506410598755,0.0002884441055357456
73.78624877929701,20.69392204284669,0.00011386735423002392
73.78624877929701,20.837203025817885,0.00018074129184242338
73.78624877929701,20.98048400878908,-0.0002809451543726027
73.78624877929701,21.123764991760275,0.00019796943524852395
73.78624877929701,21.26704597473147,0.0001004333098535426
73.78624877929701,21.410326957702665,5.344441524357535e-05
73.78624877929701,21.55360794067386,-2.989770655403845e-05
73.78624877929701,21.69688892364505,2.949765621451661e-05
73.78624877929701,21.840169906616246,0.0002118438424076885
73.78624877929701,21.98345088958744,9.554762800689787e-05
73.78624877929701,22.12673187255864,6.436447620217223e-06
73.78624877929701,22.27001285552983,-1.8566357539384626e-05
73.78624877929701,22.413293838501023,8.522295684088022e-05
73.78624877929701,22.55657482147222,1.84945256478386e-05
73.78624877929701,22.699855804443416,-5.9037211030954495e-06
73.78624877929701,22.84313678741461,3.5600409319158643e-05
73.78624877929701,22.98641777038581,2.2275145965977572e-05
73.78624877929701,23.129698753357,6.042925451765768e-05
73.78624877929701,23.272979736328196,0.0002939704281743616
73.78624877929701,23.416260719299387,0.0001458760816603899
73.78624877929701,23.559541702270582,0.00021062648738734424
73.78624877929701,23.702822685241777,4.1564078856026754e-05
73.78624877929701,23.84610366821297,5.7442513934802264e-05
73.78624877929701,23.989384651184167,0.0002539302222430706
73.78624877929701,24.13266563415536,9.168987890006974e-05
73.78624877929701,24.27594661712656,0.00016914639854803681
73.78624877929701,24.41922760009775,2.791242877719924e-05
73.78624877929701,24.562508583068944,0.000200508555280976
73.78624877929701,24.70578956604014,4.4314856495475397e-05
73.92624877929701,20.120798110961918,-5.139126005815342e-05
73.92624877929701,20.26407909393311,-3.8225822208914906e-05
73.92624877929701,20.407360076904304,0.00022722134599462152
73.92624877929701,20.5506410598755,-6.158529140520841e-05
73.92624877929701,20.69392204284669,0.0002965376479551196
73.92624877929701,20.837203025817885,0.0002508776669856161
73.92624877929701,20.98048400878908,1.3981868505652528e-05
73.92624877929701,21.123764991760275,0.00014233533875085413
73.92624877929701,21.26704597473147,4.901827560388483e-05
73.92624877929701,21.410326957702665,0.000358960940502584
73.92624877929701,21.55360794067386,0.00011042817641282454
73.92624877929701,21.69688892364505,-6.849127385066822e-05
73.92624877929701,21.840169906616246,0.0003201622748747468
73.92624877929701,21.98345088958744,-0.00019362985040061176
73.92624877929701,22.12673187255864,0.00011636366252787411
73.92624877929701,22.27001285552983,0.00011753888975363225
73.92624877929701,22.413293838501023,0.00011240267485845834
73.92624877929701,22.55657482147222,0.00011351282591931522
73.92624877929701,22.699855804443416,-5.7486231526127085e-05
73.92624877929701,22.84313678741461,-0.00011040469689760357
73.92624877929701,22.98641777038581,0.00027748235152103007
73.92624877929701,23.129698753357,0.00023129147302825004
73.92624877929701,23.272979736328196,0.00010676153033273295
73.92624877929701,23.416260719299387,9.199559281114489e-05
73.92624877929701,23.559541702270582,5.165461334399879e-05
73.92624877929701,23.702822685241777,0.0002641362079884857
73.92624877929701,23.84610366821297,0.00017951722838915884
73.92624877929701,23.989384651184167,0.0003633138840086758
73.92624877929701,24.13266563415536,0.00011320265184622258
73.92624877929701,24.27594661712656,6.420764839276671e-05
73.92624877929701,24.41922760009775,0.00019070322741754353
73.92624877929701,24.562508583068944,-2.7208126994082704e-05
73.92624877929701,24.70578956604014,-0.0001381360343657434
74.06624877929701,20.120798110961918,0.00020343565847724676
74.06624877929701,20.26407909393311,-0.0001309564831899479
74.06624877929701,20.407360076904304,4.4314481783658266e-05
74.06624877929701,20.5506410598755,-5.2643918024841696e-05
74.06624877929701,20.69392204284669,6.734455382684246e-05
74.06624877929701,20.837203025817885,0.0001673111692070961
74.06624877929701,20.98048400878908,0.00019617791986092925
74.06624877929701,21.123764991760275,-1.992372563108802e-05
74.06624877929701,21.26704597473147,-0.00016707823670003563
74.06624877929701,21.410326957702665,4.9460002628620714e-05
74.06624877929701,21.55360794067386,0.00014753903087694198
74.06624877929701,21.69688892364505,0.00022120475478004664
74.06624877929701,21.840169906616246,0.0001015252637444064
74.06624877929701,21.98345088958744,5.45253642485477e-05
74.06624877929701,22.12673187255864,-1.199328835355118e-05
74.06624877929701,22.27001285552983,9.33937553782016e-05
74.06624877929701,22.413293838501023,0.00024255378230009228
74.06624877929701,22.55657482147222,0.0002907972375396639
74.06624877929701,22.699855804443416,-1.5109618288988713e-05
74.06624877929701,22.84313678741461,0.00018470469512976706
74.06624877929701,22.98641777038581,0.0002853832265827805
74.06624877929701,23.129698753357,7.803520566085353e-05
74.06624877929701,23.272979736328196,1.1977907888649497e-05
74.06624877929701,23.416260719299387,0.0001477765035815537
74.06624877929701,23.559541702270582,0.000252754136454314
74.06624877929701,23.702822685241777,0.0001430363190593198
74.06624877929701,23.84610366821297,0.00032291244133375585
74.06624877929701,23.989384651184167,0.00011427822755649686
74.06624877929701,24.13266563415536,0.00021736293274443597
74.06624877929701,24.27594661712656,0.0003071778919547796
74.06624877929701,24.41922760009775,-3.58821198460646e-05
74.06624877929701,24.562508583068944,0.00013897984172217548
74.06624877929701,24.70578956604014,0.0001211407216032967
74.20624877929701,20.120798110961918,4.5723671064479277e-05
74.20624877929701,20.26407909393311,0.00013880863843951374
74.20624877929701,20.407360076904304,6.426276377169415e-05
74.20624877929701,20.5506410598755,9.47113148868084e-05
74.20624877929701,20.69392204284669,9.792752825887874e-05
74.20624877929701,20.837203025817885,9.791447519091889e-05
74.20624877929701,20.98048400878908,0.00024054119421634823
74.20624877929701,21.123764991760275,0.00014939132961444557
74.20624877929701,21.26704597473147,-5.477429658640176e-05
74.20624877929701,21.410326957702665,-0.0001393279671901837
74.20624877929701,21.55360794067386,7.462209759978577e-05
74.20624877929701,21.69688892364505,-4.532419552560896e-05
74.20624877929701,21.840169906616246,-3.3439013350289315e-05
74.20624877929701,21.98345088958744,0.0001410051336279139
74.20624877929701,22.12673187255864,3.7785604945383966e-05
74.20624877929701,22.27001285552983,0.0002186045894632116
74.20624877929701,22.413293838501023,
74.20624877929701,22.55657482147222,5.839580626343377e-05
74.20624877929701,22.699855804443416,-0.00015401426935568452
74.20624877929701,22.84313678741461,7.291597285075113e-05
74.20624877929701,22.98641777038581,0.0002734303707256913
74.20624877929701,23.129698753357,0.00017880873929243535
74.20624877929701,23.272979736328196,0.00015809686738066375
74.20624877929701,23.416260719299387,0.0001434009609511122
74.20624877929701,23.559541702270582,3.9907510654302314e-05
74.20624877929701,23.702822685241777,0.00012698964565061033
74.20624877929701,23.84610366821297,6.294684862950817e-05
74.20624877929701,23.989384651184167,0.00010433786519570276
74.20624877929701,24.13266563415536,4.6476929128402844e-05
74.20624877929701,24.27594661712656,0.000108049986010883
74.20624877929701,24.41922760009775,0.0003177342878188938
74.20624877929701,24.562508583068944,6.261055386858061e-05
74.20624877929701,24.70578956604014,0.00012168614193797112
74.34624877929701,20.120798110961918,-3.227868364774622e-05
74.34624877929701,20.26407909393311,7.66893062973395e-05
74.34624877929701,20.407360076904304,0.00013902722275815904
74.34624877929701,20.5506410598755,0.0002458011149428785
74.34624877929701,20.69392204284669,-4.756820999318734e-05
74.34624877929701,20.837203025817885,0.00015449989587068558
74.34624877929701,20.98048400878908,-1.5582349078613333e-05
74.34624877929701,21.123764991760275,1.5846282622078434e-05
74.34624877929701,21.26704597473147,-1.2341381079750136e-05
74.34624877929701,21.410326957702665,-0.0001468933478463441
74.34624877929701,21.55360794067386,0.00014764865045435727
74.34624877929701,21.69688892364505,-3.9312169974436983e-05
74.34624877929701,21.840169906616246,0.00011162398004671559
74.34624877929701,21.98345088958744,2.5299896151409484e-06
74.34624877929701,22.12673187255864,-1.2378387509670574e-05
74.34624877929701,22.27001285552983,9.537068399367854e-05
74.34624877929701,22.413293838501023,2.8973690859857015e-05
74.34624877929701,22.55657482147222,-0.00024199036124628037
74.34624877929701,22.699855804443416,0.00020021552336402237
74.34624877929701,22.84313678741461,-6.455089896917343e-05
74.34624877929701,22.98641777038581,0.00015534665726590902
74.34624877929701,23.129698753357,0.00018993498815689236
74.34624877929701,23.272979736328196,2.004684392886702e-05
74.34624877929701,23.416260719299387,-1.3692272659682203e-05
74.34624877929701,23.559541702270582,0.00023843474627938122
74.34624877929701,23.702822685241777,0.00032010633731260896
74.34624877929701,23.84610366821297,0.00022960215574130416
74.34624877929701,23.989384651184167,-4.561616515275091e-05
74.34624877929701,24.13266563415536,4.03514968638774e-05
74.34624877929701,24.27594661712656,0.0001585611462360248
74.34624877929701,24.41922760009775,-7.347451901296154e-05
74.34624877929701,24.562508583068944,-0.0001835191942518577
74.34624877929701,24.70578956604014,0.00015554505807813257
